Columns: 30
Rows: 25
000000000000000000000000000000
011111111111111111111111111110
011111111111111111111111111110
011111111111111111111111111110
011111111111111111111111111110
011111111111111111111111111110
011111111111111111111111111110
011111111111111111111111111110
011111111111111111111111111110
011111111111111111111111111110
011111111111111111111111111110
011111111111111111111111111110
011111111111111111111111111110
011111111111111111111111111110
011111111111111111111111111110
011111111111111111111111111110
011111111111111111111111111110
011111111111111111111111111110
011111111111111111111111111110
011111111111111111111111111110
011111111111111111111111111110
011111111111111111111111111110
011111111111111111111111111110
011111111111111111111111111110
000000000000000000000000000000

